Mesh
MeshAsteroid
15
-0.5 -0.5 0.51 0.52 0.51 1.0 0.0 0.0
 0.0  0.0 0.26 0.24 0.26 1.0 0.0 0.0
-0.4  0.5 0.51 0.52 0.51 1.0 0.0 0.0
 0.3 -0.6 0.51 0.52 0.51 1.0 0.0 0.0
 0.0  0.0 0.26 0.24 0.26 1.0 0.0 0.0
-0.5 -0.5 0.51 0.52 0.51 1.0 0.0 0.0
 0.6  0.1 0.51 0.52 0.51 1.0 0.0 0.0
 0.0  0.0 0.26 0.24 0.26 1.0 0.0 0.0
 0.3 -0.6 0.51 0.52 0.51 1.0 0.0 0.0
 0.2  0.6 0.51 0.52 0.51 1.0 0.0 0.0
 0.0  0.0 0.26 0.24 0.26 1.0 0.0 0.0
 0.6  0.1 0.51 0.52 0.51 1.0 0.0 0.0
-0.4  0.5 0.51 0.52 0.51 1.0 0.0 0.0
 0.0  0.0 0.26 0.24 0.26 1.0 0.0 0.0
 0.2  0.6 0.51 0.52 0.51 1.0 0.0 0.0